[PAT NO.  999]


[ Input Random Setting ]

[ Minimum ] :                                                                                        -0.5000000000
[ Maximum ] :                                                                                         0.5000000000

[========]
[ Option ]
[========]

[ opt ] 0
[ sigmoid ] [ Zero        ]

[=======]
[ Input ]
[=======]

[ IMAGE #1 ]

[1]        0        1        2        3        4     [2]        0        1        2        3        4     [3]        0        1        2        3        4     
_________________________________________________    _________________________________________________    _________________________________________________    
 0|    0.036   -0.061   -0.438   -0.398    0.268      0|   -0.253    0.500   -0.467    0.064    0.348      0|   -0.094    0.500    0.500   -0.041    0.305     
 1|   -0.444    0.500   -0.357   -0.278    0.494      1|    0.156   -0.451   -0.380    0.396   -0.401      1|   -0.212    0.500   -0.268   -0.448   -0.374     
 2|    0.266   -0.014   -0.336   -0.439   -0.114      2|    0.500   -0.354   -0.108   -0.116    0.062      2|    0.264   -0.379   -0.417    0.500   -0.381     
 3|   -0.425    0.500   -0.404   -0.461   -0.456      3|   -0.448    0.384    0.125   -0.348    0.448      3|   -0.453   -0.250    0.391    0.500    0.450     
 4|    0.500   -0.415    0.294   -0.280   -0.255      4|   -0.308    0.500   -0.336   -0.300   -0.148      4|   -0.169   -0.310   -0.198    0.436    0.500     


[========]
[ Kernel ]
[========]

[channel 1]

[1]        0        1     [2]        0        1     [3]        0        1     
______________________    ______________________    ______________________    
 0|    0.085   -0.191      0|   -0.090   -0.123      0|   -0.378   -0.417     
 1|    0.500    0.376      1|   -0.177    0.207      1|   -0.057   -0.425     

[channel 2]

[1]        0        1     [2]        0        1     [3]        0        1     
______________________    ______________________    ______________________    
 0|    0.500    0.278      0|   -0.175    0.500      0|   -0.462   -0.453     
 1|   -0.115   -0.087      1|    0.500   -0.440      1|    0.500    0.500     


[========]
[ Weight ]
[========]

[W]        0        1        2        3        4        5        6        7     
____________________________________________________________________________    
 1|   -0.070   -0.463   -0.431    0.307    0.500   -0.327   -0.269   -0.394     
 2|   -0.066    0.320    0.401   -0.403   -0.139   -0.285   -0.389    0.500     
 3|   -0.446    0.324   -0.439    0.500    0.500    0.104   -0.364   -0.442     

