[PAT NO.  999]


[========]
[ Option ]
[========]

[ opt ] 0
[ sigmoid ] [ Zero        ]

[=========]
[ Padding ]
[=========]

[ IMAGE #1 ]

[1]        0        1        2        3        4        5        6     [2]        0        1        2        3        4        5        6     [3]        0        1        2        3        4        5        6     
___________________________________________________________________    ___________________________________________________________________    ___________________________________________________________________    
 0|    0.000    0.000    0.000    0.000    0.000    0.000    0.000      0|    0.000    0.000    0.000    0.000    0.000    0.000    0.000      0|    0.000    0.000    0.000    0.000    0.000    0.000    0.000     
 1|    0.000    0.036   -0.061   -0.438   -0.398    0.268    0.000      1|    0.000   -0.253    0.500   -0.467    0.064    0.348    0.000      1|    0.000   -0.094    0.500    0.500   -0.041    0.305    0.000     
 2|    0.000   -0.444    0.500   -0.357   -0.278    0.494    0.000      2|    0.000    0.156   -0.451   -0.380    0.396   -0.401    0.000      2|    0.000   -0.212    0.500   -0.268   -0.448   -0.374    0.000     
 3|    0.000    0.266   -0.014   -0.336   -0.439   -0.114    0.000      3|    0.000    0.500   -0.354   -0.108   -0.116    0.062    0.000      3|    0.000    0.264   -0.379   -0.417    0.500   -0.381    0.000     
 4|    0.000   -0.425    0.500   -0.404   -0.461   -0.456    0.000      4|    0.000   -0.448    0.384    0.125   -0.348    0.448    0.000      4|    0.000   -0.453   -0.250    0.391    0.500    0.450    0.000     
 5|    0.000    0.500   -0.415    0.294   -0.280   -0.255    0.000      5|    0.000   -0.308    0.500   -0.336   -0.300   -0.148    0.000      5|    0.000   -0.169   -0.310   -0.198    0.436    0.500    0.000     
 6|    0.000    0.000    0.000    0.000    0.000    0.000    0.000      6|    0.000    0.000    0.000    0.000    0.000    0.000    0.000      6|    0.000    0.000    0.000    0.000    0.000    0.000    0.000     


[=====================]
[ Convolution Partial ]
[=====================]

[ IMAGE #1 ]

[kernel channel 1]

[1]        0        1        2        3        4        5     [2]        0        1        2        3        4        5     [3]        0        1        2        3        4        5     
__________________________________________________________    __________________________________________________________    __________________________________________________________    
 0|    0.014   -0.005   -0.195   -0.369   -0.098    0.134      0|   -0.052    0.148   -0.185    0.096    0.061   -0.062      0|    0.040   -0.207   -0.241   -0.011   -0.128   -0.017     
 1|   -0.174   -0.019    0.194   -0.244   -0.038    0.270      1|    0.063   -0.159    0.014    0.183   -0.201    0.040      1|    0.130   -0.373   -0.312    0.034    0.072   -0.094     
 2|    0.185   -0.006   -0.022   -0.310   -0.381   -0.015      2|    0.084   -0.120    0.128   -0.019    0.047    0.025      2|   -0.024    0.018    0.122    0.100    0.459    0.163     
 3|   -0.211    0.001    0.161   -0.320   -0.418   -0.238      3|   -0.154    0.157    0.003   -0.070    0.157   -0.085      3|    0.083    0.191    0.165   -0.286   -0.250    0.118     
 4|    0.269   -0.038    0.023    0.096   -0.188   -0.166      4|   -0.009    0.151   -0.208    0.029   -0.001   -0.014      4|    0.261    0.418    0.033   -0.531   -0.615   -0.199     
 5|   -0.096    0.122   -0.091    0.078    0.025   -0.022      5|    0.038   -0.034   -0.004    0.067    0.045    0.013      5|    0.071    0.194    0.200   -0.107   -0.374   -0.189     

[kernel channel 2]

[1]        0        1        2        3        4        5     [2]        0        1        2        3        4        5     [3]        0        1        2        3        4        5     
__________________________________________________________    __________________________________________________________    __________________________________________________________    
 0|   -0.003    0.001    0.045    0.085    0.022   -0.031      0|    0.111   -0.346    0.456   -0.262   -0.122    0.174      0|   -0.047    0.203    0.500    0.230    0.132    0.153     
 1|    0.049    0.009   -0.179   -0.264   -0.135    0.077      1|   -0.195    0.571   -0.380   -0.251    0.538   -0.261      1|   -0.063   -0.039   -0.342   -0.571   -0.531   -0.328     
 2|   -0.147   -0.112    0.181   -0.179    0.059    0.260      2|   -0.142    0.153   -0.240    0.262   -0.355    0.101      2|    0.228   -0.186   -0.507    0.369    0.436   -0.018     
 3|    0.111    0.135   -0.123   -0.204   -0.159   -0.005      3|    0.447   -0.658    0.145    0.176   -0.320    0.213      3|   -0.346   -0.302    0.434    0.412    0.417    0.401     
 4|   -0.161   -0.095    0.160   -0.340   -0.303   -0.199      4|   -0.088   -0.104    0.393   -0.232    0.200   -0.153      4|    0.121    0.083   -0.316   -0.288    0.033    0.042     
 5|    0.139    0.135   -0.126    0.069   -0.211   -0.128      5|   -0.154    0.304   -0.256   -0.091   -0.021    0.026      5|    0.077    0.219    0.233   -0.106   -0.428   -0.231     


[=================]
[ Convolution Sum ]
[=================]

[ IMAGE #1 ]

[kernel channel 1]

[1]        0        1        2        3        4        5     
__________________________________________________________    
 0|    0.002   -0.064   -0.621   -0.284   -0.165    0.055 
 1|    0.019   -0.552   -0.104   -0.027   -0.168    0.215 
 2|    0.245   -0.108    0.227   -0.230    0.125    0.173 
 3|   -0.282    0.348    0.329   -0.676   -0.511   -0.204 
 4|    0.522    0.531   -0.151   -0.406   -0.803   -0.380 
 5|    0.013    0.282    0.105    0.038   -0.303   -0.197 

[kernel channel 2]

[1]        0        1        2        3        4        5     
__________________________________________________________    
 0|    0.061   -0.143    1.001    0.053    0.033    0.296 
 1|   -0.210    0.541   -0.900   -1.086   -0.128   -0.512 
 2|   -0.060   -0.146   -0.566    0.452    0.139    0.343 
 3|    0.212   -0.825    0.457    0.384   -0.062    0.610 
 4|   -0.129   -0.116    0.237   -0.860   -0.070   -0.309 
 5|    0.061    0.658   -0.148   -0.128   -0.660   -0.333 


[=============]
[ Max pooling ]
[=============]

[ IMAGE #1 ]

[kernel channel 1]

[1]        0        1     
______________________    
 0|    0.245    0.215 
 1|    0.531    0.038 

[kernel channel 2]

[1]        0        1     
______________________    
 0|    1.001    0.452 
 1|    0.658    0.610 


[============]
[ Activation ]
[============]

[ IMAGE #1 ]

[kernel channel 1]

[1]        0        1     
______________________    
 0|    0.561    0.554 
 1|    0.630    0.510 

[kernel channel 2]

[1]        0        1     
______________________    
 0|    0.731    0.611 
 1|    0.659    0.648 


[===============]
[ Fully Connect ]
[===============]

[W]        0        1        2     
_______________________________    
 1|   -0.677   -0.020   -0.190     


[=========]
[ Softmax ]
[=========]

[W]        0        1        2     
_______________________________    
 1|    0.219    0.423    0.357     


[============]
[ Probabilty ]
[============]

[W]        0        1        2     
_______________________________    
 1|    0.219    0.423    0.357     


[============]
[ Error Check]
[============]

[Is Error or not] : 0
[Output]

 0|    0.2898921    0.1327829    0.5773250 

[Error rate flag] : 
[Formula] : |gold - ans| / gold < 0.00500000

 1|    0.0000000    0.0000000    0.0000000 

[Error rate] : |gold - ans|

 2|    0.0000000    0.0000000    0.0000000 

[Error rate] : gold * 0.00500000

 3|    0.0014495    0.0006639    0.0028866 

[Error flag] : 
[Formula] : |float(ans) - float(gold)| < 0.00010000

 4|    0.0000000    0.0000000    0.0000000 


