[PAT NO.    0]


[ Input Random Setting ]

[ Minimum ] :                                                                                        -0.5000000000
[ Maximum ] :                                                                                         0.5000000000

[========]
[ Option ]
[========]

[ opt ] 1
[ tanh    ] [ Replication ]

[=======]
[ Input ]
[=======]

[ IMAGE #1 ]

[1]        0        1        2        3        4     [2]        0        1        2        3        4     [3]        0        1        2        3        4     
_________________________________________________    _________________________________________________    _________________________________________________    
 0|    0.500   -0.257    0.103   -0.330    0.500      0|   -0.382    0.489   -0.327   -0.147   -0.059      0|   -0.364    0.500   -0.452   -0.465    0.500     
 1|   -0.362    0.500    0.500    0.500    0.025      1|    0.064   -0.291   -0.437   -0.326    0.398      1|    0.500   -0.410    0.500   -0.249    0.421     
 2|    0.500   -0.043    0.500   -0.425   -0.465      2|   -0.448    0.353   -0.243   -0.313   -0.062      2|    0.256   -0.466   -0.414   -0.447    0.500     
 3|   -0.384   -0.388   -0.456   -0.367   -0.371      3|   -0.366   -0.368   -0.302   -0.437    0.500      3|   -0.465   -0.423   -0.408    0.500   -0.435     
 4|    0.500   -0.209    0.360    0.500   -0.072      4|   -0.459    0.500    0.124    0.500   -0.138      4|   -0.203   -0.276    0.223   -0.455    0.500     


[========]
[ Kernel ]
[========]

[channel 1]

[1]        0        1     [2]        0        1     [3]        0        1     
______________________    ______________________    ______________________    
 0|    0.500   -0.422      0|   -0.330    0.500      0|   -0.104   -0.463     
 1|   -0.424    0.500      1|   -0.444   -0.417      1|    0.284   -0.240     

[channel 2]

[1]        0        1     [2]        0        1     [3]        0        1     
______________________    ______________________    ______________________    
 0|   -0.458    0.500      0|    0.500    0.500      0|   -0.404   -0.454     
 1|   -0.039   -0.318      1|    0.451    0.434      1|   -0.030   -0.165     


[========]
[ Weight ]
[========]

[W]        0        1        2        3        4        5        6        7     
____________________________________________________________________________    
 1|    0.256   -0.298    0.500   -0.027    0.265   -0.150   -0.253   -0.228     
 2|   -0.413    0.500   -0.458   -0.332    0.462   -0.424   -0.293    0.116     
 3|   -0.266   -0.426   -0.446   -0.437    0.163   -0.446    0.140    0.358     

