[PAT NO.    0]


[========]
[ Option ]
[========]

[ opt ] 1
[ tanh    ] [ Replication ]

[=========]
[ Padding ]
[=========]

[ IMAGE #1 ]

[1]        0        1        2        3        4        5        6     [2]        0        1        2        3        4        5        6     [3]        0        1        2        3        4        5        6     
___________________________________________________________________    ___________________________________________________________________    ___________________________________________________________________    
 0|    0.500    0.500   -0.257    0.103   -0.330    0.500    0.500      0|   -0.382   -0.382    0.489   -0.327   -0.147   -0.059   -0.059      0|   -0.364   -0.364    0.500   -0.452   -0.465    0.500    0.500     
 1|    0.500    0.500   -0.257    0.103   -0.330    0.500    0.500      1|   -0.382   -0.382    0.489   -0.327   -0.147   -0.059   -0.059      1|   -0.364   -0.364    0.500   -0.452   -0.465    0.500    0.500     
 2|   -0.362   -0.362    0.500    0.500    0.500    0.025    0.025      2|    0.064    0.064   -0.291   -0.437   -0.326    0.398    0.398      2|    0.500    0.500   -0.410    0.500   -0.249    0.421    0.421     
 3|    0.500    0.500   -0.043    0.500   -0.425   -0.465   -0.465      3|   -0.448   -0.448    0.353   -0.243   -0.313   -0.062   -0.062      3|    0.256    0.256   -0.466   -0.414   -0.447    0.500    0.500     
 4|   -0.384   -0.384   -0.388   -0.456   -0.367   -0.371   -0.371      4|   -0.366   -0.366   -0.368   -0.302   -0.437    0.500    0.500      4|   -0.465   -0.465   -0.423   -0.408    0.500   -0.435   -0.435     
 5|    0.500    0.500   -0.209    0.360    0.500   -0.072   -0.072      5|   -0.459   -0.459    0.500    0.124    0.500   -0.138   -0.138      5|   -0.203   -0.203   -0.276    0.223   -0.455    0.500    0.500     
 6|    0.500    0.500   -0.209    0.360    0.500   -0.072   -0.072      6|   -0.459   -0.459    0.500    0.124    0.500   -0.138   -0.138      6|   -0.203   -0.203   -0.276    0.223   -0.455    0.500    0.500     


[=====================]
[ Convolution Partial ]
[=====================]

[ IMAGE #1 ]

[kernel channel 1]

[1]        0        1        2        3        4        5     [2]        0        1        2        3        4        5     [3]        0        1        2        3        4        5     
__________________________________________________________    __________________________________________________________    __________________________________________________________    
 0|    0.077    0.018   -0.011   -0.018    0.014    0.077      0|    0.264    0.336   -0.406    0.241    0.109    0.040      0|    0.190   -0.417    0.408    0.245   -0.435   -0.261     
 1|    0.012    0.762   -0.134    0.228   -0.576    0.041      1|   -0.120    0.463   -0.014    0.364   -0.002   -0.353      1|    0.229    0.047   -0.079    0.464   -0.355   -0.265     
 2|    0.009   -0.625    0.307   -0.386    0.188   -0.033      2|    0.397   -0.115   -0.178    0.219    0.472    0.121      2|   -0.272    0.323   -0.222    0.053   -0.416   -0.216     
 3|    0.010    0.237   -0.295    0.440   -0.047   -0.064      3|    0.239    0.641    0.052    0.240    0.058   -0.441      3|   -0.166    0.158    0.218    0.014    0.061   -0.303     
 4|    0.008   -0.345    0.267    0.024   -0.275   -0.035      4|    0.333   -0.068   -0.303   -0.382    0.230    0.204      4|    0.255    0.253    0.101   -0.017   -0.100    0.269     
 5|    0.077    0.021    0.012    0.066    0.032   -0.011      5|    0.317    0.397   -0.377   -0.054   -0.398    0.095      5|    0.106    0.158   -0.206    0.360   -0.434   -0.261     

[kernel channel 2]

[1]        0        1        2        3        4        5     [2]        0        1        2        3        4        5     [3]        0        1        2        3        4        5     
__________________________________________________________    __________________________________________________________    __________________________________________________________    
 0|   -0.157   -0.295    0.146   -0.111    0.255   -0.157      0|   -0.719    0.093    0.160   -0.448   -0.194   -0.110      0|    0.383   -0.152    0.063    0.484   -0.108   -0.526     
 1|    0.150   -0.502   -0.010   -0.391    0.374    0.012      1|   -0.325   -0.044   -0.240   -0.576   -0.077    0.294      1|    0.215   -0.028   -0.067    0.420   -0.101   -0.511     
 2|   -0.194    0.410   -0.136    0.137   -0.052    0.167      2|   -0.333   -0.162   -0.310   -0.627   -0.132    0.344      2|   -0.479    0.054    0.020   -0.003   -0.160   -0.458     
 3|    0.158   -0.112    0.430   -0.307    0.095    0.113      3|   -0.772   -0.372   -0.242   -0.604   -0.168    0.380      3|   -0.130    0.192    0.456    0.300    0.010   -0.344     
 4|   -0.195    0.029   -0.157   -0.148   -0.014    0.010      4|   -0.772   -0.357   -0.056   -0.097    0.197    0.378      4|    0.438    0.431    0.327    0.006   -0.073    0.276     
 5|   -0.157   -0.287    0.170   -0.088   -0.262    0.023      5|   -0.865    0.030    0.591    0.584    0.347   -0.260      5|    0.214    0.259   -0.018    0.185   -0.112   -0.526     


[=================]
[ Convolution Sum ]
[=================]

[ IMAGE #1 ]

[kernel channel 1]

[1]        0        1        2        3        4        5     
__________________________________________________________    
 0|    0.531   -0.063   -0.009    0.468   -0.312   -0.144 
 1|    0.121    1.272   -0.227    1.057   -0.933   -0.577 
 2|    0.134   -0.417   -0.093   -0.114    0.244   -0.129 
 3|    0.083    1.036   -0.026    0.694    0.072   -0.808 
 4|    0.595   -0.161    0.065   -0.375   -0.145    0.438 
 5|    0.500    0.576   -0.571    0.372   -0.800   -0.177 

[kernel channel 2]

[1]        0        1        2        3        4        5     
__________________________________________________________    
 0|   -0.494   -0.353    0.369   -0.076   -0.047   -0.794 
 1|    0.040   -0.573   -0.316   -0.547    0.195   -0.204 
 2|   -1.005    0.301   -0.425   -0.493   -0.344    0.053 
 3|   -0.744   -0.293    0.643   -0.611   -0.063    0.149 
 4|   -0.528    0.102    0.115   -0.239    0.110    0.664 
 5|   -0.809    0.003    0.742    0.682   -0.027   -0.764 


[=============]
[ Max pooling ]
[=============]

[ IMAGE #1 ]

[kernel channel 1]

[1]        0        1     
______________________    
 0|    1.272    1.057 
 1|    1.036    0.694 

[kernel channel 2]

[1]        0        1     
______________________    
 0|    0.369    0.195 
 1|    0.742    0.682 


[============]
[ Activation ]
[============]

[ IMAGE #1 ]

[kernel channel 1]

[1]        0        1     
______________________    
 0|    0.854    0.784 
 1|    0.776    0.600 

[kernel channel 2]

[1]        0        1     
______________________    
 0|    0.353    0.193 
 1|    0.631    0.593 


[===============]
[ Fully Connect ]
[===============]

[W]        0        1        2     
_______________________________    
 1|    0.127   -0.550   -0.898     


[=========]
[ Softmax ]
[=========]

[W]        0        1        2     
_______________________________    
 1|    0.536    0.272    0.192     


[============]
[ Probabilty ]
[============]

[W]        0        1        2     
_______________________________    
 1|    0.536    0.272    0.192     


[============]
[ Error Check]
[============]

[Is Error or not] : 1
[Output]

 0|    0.1921356    0.5356680    0.2721965 

[Error rate flag] : 
[Formula] : |gold - ans| / gold < 0.00500000

 1|    0.0000000    0.0000000    0.0000000 

[Error rate] : |gold - ans|

 2|    0.3435324    0.2634715    0.0800610 

[Error rate] : gold * 0.00500000

 3|    0.0026783    0.0013610    0.0009607 

[Error flag] : 
[Formula] : |float(ans) - float(gold)| < 0.00010000

 4|    0.0000000    0.0000000    0.0000000 


