[PAT NO.   99]

[set # 7]

[=======]
[ Image ]
[=======]

[image_size / size] : 2 / 16

[0] : R
[1] : G
[2] : B

[0]   0   1   2   3   4   5   6   7   8   9  10  11  12  13  14  15     [1]   0   1   2   3   4   5   6   7   8   9  10  11  12  13  14  15     [2]   0   1   2   3   4   5   6   7   8   9  10  11  12  13  14  15     
____________________________________________________________________    ____________________________________________________________________    ____________________________________________________________________    
 0|  51 120  38 121  74 222 251 157 154 117  24  89 242 207  32 151      0| 148   2   2 219  42 227 109 125 252  35 235  97  28  39  40 162      0|  83   4  20  57  78 168 216 204 159  16  80  69  30 245 180 108     
 1|  85 136 189  65 154  36  20   6 146 239 124 179 163 219  44 207      1| 121  76 112 118 213 167 124 216  90 193 146 187 136  90 137 143      1|  32 246 112  70 219  55  83 151  74   0  15 252 138  92 160  76     
 2|  30 209 212 190  52 105 218  22 208 139  59  99  80 233 183  22      2| 242 146 204  61 143 138 236  93 249 224 238 221 128  12 201 203      2| 240  38 165 117 186 134  99 144 176  81  93 109 147  64  74  59     
 3|  69 208  88 208  72  60 237 200   6 184 154 128 142 248   3 123      3|  80   9  89 134 159  84  52   1  34 168 154  85 178 114   0  92      3| 171 131  83 147  76 150  85 164 178 225  45 159 254  13 163  55     
 4|  11 160  59  60 233  66   8  57 158 243 146 248   5 134  29  30      4| 107 131  99 144  49 226 231 215 215  76 233 138 221  71  21  92      4| 193 149  26  88 213 121 150 222 234 155  41 112 163 181 105  81     
 5| 155 212 214 146 107  16  99 131  25 161  51 114 206 123  65  13      5|   6  76 155  97 176   1  22 242  50 234  66 155  50 165  28 208      5| 142  98   5  67 215  55  15  72  11  87  16 118 202 140 135 135     
 6| 105  94  72   7 196  17  21 160 119 246   1  41 212 253  57  40      6|  46  14 119 167  42  84 175  69 202 109 130  60 179 238 181 142      6| 182  75 224 120 120 170 133 206  67 183  24 222 142  42 120 168     
 7| 146 105 212  87 235  99 114  75 140 206  88 213  48  87 186 250      7| 151 172 146 151 174  48 222 129  11 107  91 154 149 165 112  29      7| 134 234 161 164 224  95 253  26 151   8  74  77  59  75 162  49     
 8|  61  60  67 169  55 183 107 221 105 146 197 127 146 218 202 163      8|   2  38  14 205 173 128 110 248 159   4 181  57 156  81  40 145      8|  85 248 191 221 151 120  24 116  72  36 231 191 173 174 185  47     
 9| 252  28  67 102 196  50 240  47 183  24 112 110 152 184  25 173      9| 150 118 241  45  89 159  36 124 199 197  14 214 127  93 103 112      9| 228  39 154 126 231 138 117 166  46  79 195 105 180 245  30  32     
10|  41  37 202  37 205  76  77 122  25 128 115 251  49 230 104 247     10|  70 116 134 196   4  63  37  59 189 135 216  68  71 246 197 141     10| 189   6 213  12  59 125  17 216  30  25 170 149 112 135  65 207     
11|  71  50 111 126  15 177 139  54 140  21  62 122   1 255 227 139     11|  45 176 193 164 133  66  84 167  21  77 219  77 173 238  71 237     11| 149 223 186  16 129 108 165 115  67  62 188 135 178 109 255  56     
12|  98 185 211 246  39  33 211 249 197  47 246  21 185  31 132 132     12| 241  88 151 200 145 161 175  80  31  39 150 149 124 154 190 162     12| 167 151 153 254 135 136  10 254 131 134 206  88  94  52   2 102     
13| 115 170 250 213 247  78 201  92 148  15 217 174 128 198 114 238     13|  33  22 101 242  33  69 180 195  65  14 155 116 241 179  42 175     13|  27 143  37  16  93 242 147 255 221 162 205 220 200 204  33  85     
14| 185  83 174  15   0 190 240 212  65 197 149 191  74 186 100 163     14| 147 237  79 139 206 238 188 111  91 202 244 221  28  53  24 231     14|  97 131 217  40 180 162 116 222 203  17  25 122  24 106 195 206     
15|  29  57 223  27 197 171   8 152 240  10 178  55  65 225 251  43     15| 203  30 154 134  52  14  97 131  42 203 127  55  58  63   3 203     15| 146 108  84 174  65  65  29 192 159 253 232  21 164 101  56  75     

[==========]
[ Template ]
[==========]

[ ]   0   1   2     
________________    
 0| 210  93 188     
 1| 116  22  12     
 2| 154 107 228     

